0.0	0.0	0.0
0.05	0.19101299543362338	1.0710297783134288
0.1	0.38202599086724676	2.1175420566268577
0.15000000000000002	0.5730389863008701	3.1395368349402872
0.2	0.7640519817344935	4.1370141132537155
0.25	0.9550649771681168	5.109973891567145
0.3	1.14607797260174	6.058416169880573
0.35	1.3370909680353633	6.982340948194001
0.39999999999999997	1.5281039634689868	7.881748226507431
0.44999999999999996	1.71911695890261	8.756638004820859
0.49999999999999994	1.9101299543362333	9.607010283134287
0.5499999999999999	2.101142949769857	10.432865061447718
0.6	2.29215594520348	11.234202339761147
0.65	2.483168940637104	12.011022118074575
0.7000000000000001	2.674181936070727	12.763324396388004
0.7500000000000001	2.865194931504351	13.491109174701435
0.8000000000000002	3.0562079269379745	14.194376453014863
0.8500000000000002	3.2472209223715978	14.873126231328294
0.9000000000000002	3.4382339178052215	15.527358509641722
0.9500000000000003	3.6292469132388447	16.157073287955154
1.0000000000000002	3.820259908672468	16.76227056626858
1.0500000000000003	4.011272904106091	17.342950344582007
1.1000000000000003	4.202285899539715	17.899112622895437
1.1500000000000004	4.393298894973339	18.43075740120887
1.2000000000000004	4.584311890406962	18.937884679522295
1.2500000000000004	4.775324885840585	19.420494457835726
1.3000000000000005	4.966337881274209	19.878586736149153
1.3500000000000005	5.157350876707833	20.312161514462584
1.4000000000000006	5.348363872141456	20.721218792776014
1.4500000000000006	5.53937686757508	21.105758571089442
1.5000000000000007	5.730389863008703	21.46578084940287
1.5500000000000007	5.921402858442327	21.8012856277163
1.6000000000000008	6.11241585387595	22.11227290602973
1.6500000000000008	6.303428849309574	22.398742684343155
1.7000000000000008	6.494441844743197	22.660694962656585
1.7500000000000009	6.685454840176821	22.898129740970013
1.800000000000001	6.876467835610445	23.11104701928344
1.850000000000001	7.067480831044068	23.299446797596868
1.900000000000001	7.258493826477691	23.463329075910302
1.950000000000001	7.4495068219113145	23.60269385422373
2.000000000000001	7.640519817344938	23.71754113253716
2.0500000000000007	7.83153281277856	23.807870910850585
2.1000000000000005	8.022545808212183	23.873683189164012
2.1500000000000004	8.213558803645805	23.91497796747744
2.2	8.404571799079429	23.93175524579087
2.25	8.595584794513051	23.924015024104296
2.3	8.786597789946674	23.891757302417723
2.3499999999999996	8.977610785380296	23.834982080731155
2.3999999999999995	9.168623780813919	23.753689359044582
2.4499999999999993	9.359636776247541	23.64787913735801
2.499999999999999	9.550649771681165	23.517551415671445
2.549999999999999	9.741662767114788	23.36270619398487
2.5999999999999988	9.93267576254841	23.183343472298297
2.6499999999999986	10.123688757982032	22.97946325061173
