0.0	0.0	0.0
0.05	0.19048644833451736	1.0479512300092393
0.1	0.3804654485605163	2.0611987263587777
0.15000000000000002	0.5699554723973288	3.040347917798884
0.2	0.7589744020972238	3.9859774223326543
0.25	0.947539566156456	4.898640282050785
0.3	1.1356677731151628	5.7788651140505785
0.35	1.3233753436145776	6.627157183242315
0.39999999999999997	1.510678140868083	7.443999402306613
0.44999999999999996	1.6975915996921194	8.229853263574363
0.49999999999999994	1.8841307542337775	8.985159707150313
0.5499999999999999	2.0703102645239104	9.710339929187288
0.6	2.25614444197774	10.405796133835494
0.65	2.441647273959097	11.071912232035999
0.7000000000000001	2.626832447519546	11.709054489995243
0.7500000000000001	2.811713372419674	12.317572129864393
0.8000000000000002	2.9963032035366037	12.89779788484972
0.8500000000000002	3.1806148627593323	13.45004851069436
0.9000000000000002	3.3646610604715543	13.974625255193985
0.9500000000000003	3.5484543167200973	14.471814287135109
1.0000000000000002	3.7320069821656014	14.941887085771071
1.0500000000000003	3.9153312589101668	15.38510079167233
1.1000000000000003	4.0984392212935274	15.801698519499695
1.1500000000000004	4.281342836743597	16.191909632945627
1.2000000000000004	4.464053986756681	16.555949981762886
1.2500000000000004	4.646584488063455	16.894022100443685
1.3000000000000005	4.828946114002281	17.206315367716776
1.3500000000000005	5.011150616059625	17.49300612558357
1.4000000000000006	5.193209745426476	17.75425775610589
1.4500000000000006	5.375135274218138	17.990220713576182
1.5000000000000007	5.556939015631033	18.20103250904161
1.5500000000000007	5.738632841594623	18.38681764343522
1.6000000000000008	5.920228695048846	18.547687484879255
1.6500000000000008	6.101738590969393	18.683740085375515
1.7000000000000008	6.283174593476285	18.795059933104426
1.7500000000000009	6.464548739701799	18.88171764251384
1.800000000000001	6.64587283605177	18.94376960955804
1.850000000000001	6.827157920368097	18.9812577694534
1.900000000000001	7.008412826818092	18.99421011223094
1.950000000000001	7.189641082760943	18.98264450722497
2.000000000000001	7.370838231007118	18.946579266485347
2.0500000000000007	7.55199343805328	18.886045006303256
2.1000000000000005	7.733092282364089	18.80109100087851
2.1500000000000004	7.914118109009149	18.691788410249977
2.2	8.095052452364207	18.558233039820454
2.25	8.275875040501706	18.400548581577578
2.3	8.456563548750108	18.218890893706746
2.3499999999999996	8.637093105629514	18.013454051992298
2.3999999999999995	8.817435439719459	17.78447950301075
2.4499999999999993	8.997557376488663	17.532271104619557
2.499999999999999	9.17741794178966	17.25722280831199
2.549999999999999	9.356961800320839	16.959879191264108
2.5999999999999988	9.536099109863475	16.641115690897852
2.6499999999999986	9.714558800750343	16.303410282096664
