0.0	0.0	0.0
0.05	0.19048972666596278	1.0480185951002825
0.1	0.3804751617572753	2.061396803885334
0.15000000000000002	0.5699746619336201	3.0407362572151793
0.2	0.7590060006409536	3.9866119795099895
0.25	0.9475864033693767	4.89957360926493
0.3	1.1357325810276573	5.780146536770369
0.35	1.3234607615994975	6.628832964744134
0.39999999999999997	1.5107867202348837	7.446112897053423
0.44999999999999996	1.6977258079194906	8.232445060221233
0.49999999999999994	1.884292978856024	8.988267761970322
0.5499999999999999	2.070502816683451	9.713999690651422
0.6	2.256369559653207	10.41004065902724
0.65	2.441907124875602	11.076772295535324
0.7000000000000001	2.627129131744666	11.714558685827182
0.7500000000000001	2.8120489246455453	12.323746967074477
0.8000000000000002	2.9966795950451424	12.904667877241888
0.8500000000000002	3.181034003063922	13.457636261246924
0.9000000000000002	3.3651247986245165	13.98295153565604
0.9500000000000003	3.5489644422707336	14.480898113300038
1.0000000000000002	3.7325652257485067	14.951745788926178
1.0500000000000003	3.9159392924376855	15.395750086735466
1.1000000000000003	4.099098657719552	15.813152570376392
1.1500000000000004	4.282055229358196	16.2041811156759
1.2000000000000004	4.464820827962159	16.56905014607828
1.2500000000000004	4.647407207572269	16.907960830426006
1.3000000000000005	4.829826076385748	17.221101242345192
1.3500000000000005	5.0120891175638125	17.508646480082902
1.4000000000000006	5.194208009958917	17.77075874517469
1.4500000000000006	5.376194448398273	18.00758737779001
1.5000000000000007	5.558060162793604	18.219268846010024
1.5500000000000007	5.739816934650671	18.405926685659153
1.6000000000000008	5.921476608171606	18.567671386730893
1.6500000000000008	6.103051090252032	18.704600222221497
1.7000000000000008	6.284552327188929	18.81679701629102
1.7500000000000009	6.465992230083586	18.904331854510744
1.800000000000001	6.647382478359075	18.967260762881295
1.850000000000001	6.828734006471345	19.005625485166185
1.900000000000001	7.01005564106917	19.019453968983335
1.950000000000001	7.1913511225822555	19.00876395988109
2.000000000000001	7.372616408587693	18.97357313216472
2.0500000000000007	7.5538411462654045	18.913910763104628
2.1000000000000005	7.73501146102255	18.829824011819337
2.1500000000000004	7.916111359786432	18.721380941046366
2.2	8.097123205967133	18.588672927086712
2.25	8.278027792492248	18.43181736085782
2.3	8.458804199816319	18.25096107156764
2.3499999999999996	8.639429474025047	18.04628495024308
2.3999999999999995	8.819878079344901	17.818010552254467
2.4499999999999993	9.000120989790176	17.56641014771048
2.499999999999999	9.180124107115061	17.29182331958345
2.549999999999999	9.359845221458402	16.994687646316212
2.5999999999999988	9.53922712679948	16.67560605891922
2.6499999999999986	9.718176462239576	16.33554814097478
